     simstep     bin0000
         100        1179
         200        1177
         300        1177
         400        1181
         500        1194
         600        1179
         700        1189
         800        1201
         900        1196
        1000        1190
        1100        1205
        1200        1198
        1300        1202
        1400        1202
        1500        1195
        1600        1197
        1700        1195
        1800        1175
        1900        1182
        2000        1173
        2100        1175
        2200        1179
        2300        1178
        2400        1179
        2500        1186
        2600        1188
        2700        1194
        2800        1194
        2900        1198
        3000        1219
        3100        1219
        3200        1231
        3300        1225
        3400        1213
        3500        1210
        3600        1214
        3700        1213
        3800        1218
        3900        1218
        4000        1225
        4100        1241
        4200        1249
        4300        1252
        4400        1248
        4500        1236
        4600        1238
        4700        1230
        4800        1231
        4900        1234
        5000        1233
        5100        1225
        5200        1215
        5300        1230
        5400        1224
        5500        1219
        5600        1217
        5700        1221
        5800        1220
        5900        1218
        6000        1222
        6100        1226
        6200        1238
        6300        1223
        6400        1229
        6500        1228
        6600        1233
        6700        1229
        6800        1218
        6900        1222
        7000        1234
        7100        1225
        7200        1229
        7300        1222
        7400        1214
        7500        1218
        7600        1208
        7700        1209
        7800        1203
        7900        1204
        8000        1207
        8100        1204
        8200        1205
        8300        1209
        8400        1199
        8500        1196
        8600        1202
        8700        1206
        8800        1194
        8900        1189
        9000        1180
        9100        1172
        9200        1186
        9300        1178
        9400        1179
        9500        1179
        9600        1182
        9700        1170
        9800        1156
        9900        1157
       10000        1156
       10100        1143
       10200        1152
       10300        1153
       10400        1161
       10500        1156
       10600        1161
       10700        1164
       10800        1170
       10900        1173
       11000        1176
       11100        1178
       11200        1178
       11300        1172
       11400        1161
       11500        1162
       11600        1168
       11700        1168
       11800        1163
       11900        1161
       12000        1155
       12100        1152
       12200        1157
       12300        1153
       12400        1154
       12500        1153
       12600        1141
       12700        1150
       12800        1157
       12900        1152
       13000        1151
       13100        1158
       13200        1154
       13300        1152
       13400        1145
       13500        1156
       13600        1169
       13700        1158
       13800        1154
       13900        1151
       14000        1151
       14100        1153
       14200        1152
       14300        1159
       14400        1151
       14500        1140
       14600        1148
       14700        1147
       14800        1147
       14900        1146
       15000        1146
       15100        1155
       15200        1166
       15300        1165
       15400        1170
       15500        1166
       15600        1163
       15700        1176
       15800        1162
       15900        1168
       16000        1171
       16100        1172
       16200        1166
       16300        1165
       16400        1161
       16500        1153
       16600        1148
       16700        1145
       16800        1148
       16900        1156
       17000        1161
       17100        1166
       17200        1161
       17300        1169
       17400        1172
       17500        1170
       17600        1167
       17700        1165
       17800        1168
       17900        1164
       18000        1164
       18100        1172
       18200        1167
       18300        1172
       18400        1175
       18500        1172
       18600        1171
       18700        1177
       18800        1177
       18900        1177
       19000        1178
       19100        1177
       19200        1174
       19300        1175
       19400        1187
       19500        1187
       19600        1188
       19700        1192
       19800        1194
       19900        1188
       20000        1182
       20100        1178
       20200        1169
       20300        1175
       20400        1163
       20500        1168
       20600        1159
       20700        1156
       20800        1146
       20900        1147
       21000        1142
       21100        1139
       21200        1138
       21300        1112
       21400        1106
       21500        1110
       21600        1109
       21700        1106
       21800        1115
       21900        1110
       22000        1106
       22100        1097
       22200        1099
       22300        1107
       22400        1092
       22500        1095
       22600        1077
       22700        1071
       22800        1079
       22900        1086
       23000        1085
       23100        1082
       23200        1089
       23300        1088
       23400        1090
       23500        1087
       23600        1083
       23700        1076
       23800        1068
       23900        1068
       24000        1076
       24100        1069
       24200        1062
       24300        1055
       24400        1052
       24500        1053
       24600        1049
       24700        1050
       24800        1039
       24900        1033
       25000        1035
       25100        1026
       25200        1018
       25300        1007
       25400        1004
       25500         994
       25600         990
       25700         978
       25800         982
       25900         978
       26000         980
       26100         974
       26200         982
       26300         969
       26400         959
       26500         943
       26600         959
       26700         946
       26800         940
       26900         936
       27000         936
       27100         928
       27200         925
       27300         920
       27400         906
       27500         901
       27600         900
       27700         896
       27800         893
       27900         894
       28000         890
       28100         884
       28200         874
       28300         870
       28400         863
       28500         859
       28600         853
       28700         846
       28800         839
       28900         831
       29000         821
       29100         815
       29200         816
       29300         817
       29400         820
       29500         810
       29600         801
       29700         794
       29800         791
       29900         789
       30000         785
