     simstep              dBetaTrans                dBetaRot
         100   1.000097200062356e+00   1.000000000000000e+00
         200   9.999163409628327e-01   1.000000000000000e+00
         300   1.000118764678238e+00   1.000000000000000e+00
         400   9.999384641430343e-01   1.000000000000000e+00
         500   1.000084482049843e+00   1.000000000000000e+00
         600   9.999218512801626e-01   1.000000000000000e+00
         700   9.999896495329144e-01   1.000000000000000e+00
         800   1.000028429544983e+00   1.000000000000000e+00
         900   1.000023936568783e+00   1.000000000000000e+00
        1000   1.000070610479904e+00   1.000000000000000e+00
        1100   9.999895248359191e-01   1.000000000000000e+00
        1200   9.999993274613215e-01   1.000000000000000e+00
        1300   9.999715135010818e-01   1.000000000000000e+00
        1400   9.999314714245776e-01   1.000000000000000e+00
        1500   9.999718130562179e-01   1.000000000000000e+00
        1600   1.000026145512169e+00   1.000000000000000e+00
        1700   1.000054293172196e+00   1.000000000000000e+00
        1800   9.999809116983198e-01   1.000000000000000e+00
        1900   1.000003489167715e+00   1.000000000000000e+00
        2000   1.000007718772599e+00   1.000000000000000e+00
        2100   1.000069390212729e+00   1.000000000000000e+00
        2200   1.000024401353654e+00   1.000000000000000e+00
        2300   9.999589331164772e-01   1.000000000000000e+00
        2400   1.000012287062709e+00   1.000000000000000e+00
        2500   1.000075326549150e+00   1.000000000000000e+00
        2600   1.000111937706340e+00   1.000000000000000e+00
        2700   9.999295121968377e-01   1.000000000000000e+00
        2800   9.998785009677782e-01   1.000000000000000e+00
        2900   1.000025054485558e+00   1.000000000000000e+00
        3000   1.000016993684533e+00   1.000000000000000e+00
        3100   9.999601713529349e-01   1.000000000000000e+00
        3200   9.999819927339038e-01   1.000000000000000e+00
        3300   1.000087820182507e+00   1.000000000000000e+00
        3400   1.000109021048947e+00   1.000000000000000e+00
        3500   9.999313644242809e-01   1.000000000000000e+00
        3600   9.999955262048131e-01   1.000000000000000e+00
        3700   9.998888607309314e-01   1.000000000000000e+00
        3800   9.999671438920921e-01   1.000000000000000e+00
        3900   9.999346767821931e-01   1.000000000000000e+00
        4000   1.000079283427568e+00   1.000000000000000e+00
        4100   1.000067843130806e+00   1.000000000000000e+00
        4200   1.000088538475998e+00   1.000000000000000e+00
        4300   1.000062927336101e+00   1.000000000000000e+00
        4400   9.999198743928654e-01   1.000000000000000e+00
        4500   9.999207038869858e-01   1.000000000000000e+00
        4600   1.000050757955183e+00   1.000000000000000e+00
        4700   9.999808822225491e-01   1.000000000000000e+00
        4800   1.000012971550440e+00   1.000000000000000e+00
        4900   1.000007124499466e+00   1.000000000000000e+00
        5000   9.999850769002125e-01   1.000000000000000e+00
        5100   1.000000790210028e+00   1.000000000000000e+00
        5200   1.000082067577976e+00   1.000000000000000e+00
        5300   9.998751782533130e-01   1.000000000000000e+00
        5400   1.000037064194786e+00   1.000000000000000e+00
        5500   9.999853296671922e-01   1.000000000000000e+00
        5600   9.999792662579009e-01   1.000000000000000e+00
        5700   9.999923109143574e-01   1.000000000000000e+00
        5800   1.000077733928922e+00   1.000000000000000e+00
        5900   1.000000067526332e+00   1.000000000000000e+00
        6000   9.998797924523238e-01   1.000000000000000e+00
        6100   9.999658012569953e-01   1.000000000000000e+00
        6200   1.000123151300538e+00   1.000000000000000e+00
        6300   9.999858685446988e-01   1.000000000000000e+00
        6400   9.999800760766298e-01   1.000000000000000e+00
        6500   1.000030725137094e+00   1.000000000000000e+00
        6600   9.999970715383657e-01   1.000000000000000e+00
        6700   9.999819857027603e-01   1.000000000000000e+00
        6800   1.000041587830705e+00   1.000000000000000e+00
        6900   9.998030064566522e-01   1.000000000000000e+00
        7000   1.000063096070720e+00   1.000000000000000e+00
        7100   9.999809701593074e-01   1.000000000000000e+00
        7200   9.999931203246523e-01   1.000000000000000e+00
        7300   1.000001793540276e+00   1.000000000000000e+00
        7400   1.000063355089852e+00   1.000000000000000e+00
        7500   1.000108188944548e+00   1.000000000000000e+00
        7600   1.000031784443019e+00   1.000000000000000e+00
        7700   9.999846911545182e-01   1.000000000000000e+00
        7800   9.999072921978364e-01   1.000000000000000e+00
        7900   1.000035689797778e+00   1.000000000000000e+00
        8000   1.000033266499768e+00   1.000000000000000e+00
        8100   9.999625705687949e-01   1.000000000000000e+00
        8200   9.999940279310749e-01   1.000000000000000e+00
        8300   9.999817877357368e-01   1.000000000000000e+00
        8400   1.000083749577874e+00   1.000000000000000e+00
        8500   1.000006622678172e+00   1.000000000000000e+00
        8600   9.999524597431445e-01   1.000000000000000e+00
        8700   9.999955491254455e-01   1.000000000000000e+00
        8800   1.000010762739433e+00   1.000000000000000e+00
        8900   9.999813685737521e-01   1.000000000000000e+00
        9000   1.000036926184355e+00   1.000000000000000e+00
        9100   9.999831230843255e-01   1.000000000000000e+00
        9200   9.999324754098288e-01   1.000000000000000e+00
        9300   1.000011193713352e+00   1.000000000000000e+00
        9400   1.000073789184514e+00   1.000000000000000e+00
        9500   9.999386282612673e-01   1.000000000000000e+00
        9600   1.000060536291558e+00   1.000000000000000e+00
        9700   1.000003580476446e+00   1.000000000000000e+00
        9800   9.999895788960736e-01   1.000000000000000e+00
        9900   1.000099167311266e+00   1.000000000000000e+00
       10000   9.999890296366734e-01   1.000000000000000e+00
       10100   1.000076376417112e+00   1.000000000000000e+00
       10200   9.999730626822273e-01   1.000000000000000e+00
       10300   9.999573958571716e-01   1.000000000000000e+00
       10400   9.999408133403992e-01   1.000000000000000e+00
       10500   9.999475496694352e-01   1.000000000000000e+00
       10600   9.999718911887735e-01   1.000000000000000e+00
       10700   1.000052516315329e+00   1.000000000000000e+00
       10800   9.999205981297800e-01   1.000000000000000e+00
       10900   1.000026454817129e+00   1.000000000000000e+00
       11000   1.000035398688918e+00   1.000000000000000e+00
       11100   1.000036808594766e+00   1.000000000000000e+00
       11200   1.000089831800906e+00   1.000000000000000e+00
       11300   9.999232828163657e-01   1.000000000000000e+00
       11400   1.000033794755163e+00   1.000000000000000e+00
       11500   9.999933472800033e-01   1.000000000000000e+00
       11600   1.000019641767719e+00   1.000000000000000e+00
       11700   9.999786040000653e-01   1.000000000000000e+00
       11800   9.999547962578124e-01   1.000000000000000e+00
       11900   9.999683157388762e-01   1.000000000000000e+00
       12000   1.000018163349453e+00   1.000000000000000e+00
       12100   9.999718052953951e-01   1.000000000000000e+00
       12200   1.000056115594402e+00   1.000000000000000e+00
       12300   9.999725278777892e-01   1.000000000000000e+00
       12400   9.999059454222168e-01   1.000000000000000e+00
       12500   1.000030672332315e+00   1.000000000000000e+00
       12600   1.000049798143247e+00   1.000000000000000e+00
       12700   1.000032680328951e+00   1.000000000000000e+00
       12800   1.000101729412435e+00   1.000000000000000e+00
       12900   9.999940938355630e-01   1.000000000000000e+00
       13000   1.000039151730551e+00   1.000000000000000e+00
       13100   9.999551526122653e-01   1.000000000000000e+00
       13200   9.999245155831423e-01   1.000000000000000e+00
       13300   9.999917145084181e-01   1.000000000000000e+00
       13400   9.999845080382077e-01   1.000000000000000e+00
       13500   1.000069459059375e+00   1.000000000000000e+00
       13600   9.999405566686909e-01   1.000000000000000e+00
       13700   1.000010009753964e+00   1.000000000000000e+00
       13800   1.000038677002147e+00   1.000000000000000e+00
       13900   1.000047768379902e+00   1.000000000000000e+00
       14000   1.000009857816436e+00   1.000000000000000e+00
       14100   1.000014635634450e+00   1.000000000000000e+00
       14200   1.000022678207593e+00   1.000000000000000e+00
       14300   9.999593928312851e-01   1.000000000000000e+00
       14400   9.999640479965056e-01   1.000000000000000e+00
       14500   9.999870940825281e-01   1.000000000000000e+00
       14600   1.000035990664135e+00   1.000000000000000e+00
       14700   9.999394984090940e-01   1.000000000000000e+00
       14800   1.000064031553835e+00   1.000000000000000e+00
       14900   9.999819038039283e-01   1.000000000000000e+00
       15000   1.000042660968890e+00   1.000000000000000e+00
       15100   1.000045079642302e+00   1.000000000000000e+00
       15200   9.999824894990438e-01   1.000000000000000e+00
       15300   9.999972180724165e-01   1.000000000000000e+00
       15400   9.999303762120783e-01   1.000000000000000e+00
       15500   9.999859886893235e-01   1.000000000000000e+00
       15600   9.999724732834513e-01   1.000000000000000e+00
       15700   1.000085605447566e+00   1.000000000000000e+00
       15800   9.999908712687156e-01   1.000000000000000e+00
       15900   1.000039678993015e+00   1.000000000000000e+00
       16000   9.999581504789119e-01   1.000000000000000e+00
       16100   1.000067443080458e+00   1.000000000000000e+00
       16200   9.999035552801055e-01   1.000000000000000e+00
       16300   1.000105811609962e+00   1.000000000000000e+00
       16400   9.999614323719617e-01   1.000000000000000e+00
       16500   1.000041632777180e+00   1.000000000000000e+00
       16600   1.000019382742862e+00   1.000000000000000e+00
       16700   1.000038689557751e+00   1.000000000000000e+00
       16800   9.999510236813026e-01   1.000000000000000e+00
       16900   9.999785783354084e-01   1.000000000000000e+00
       17000   1.000013048769613e+00   1.000000000000000e+00
       17100   9.999505183359618e-01   1.000000000000000e+00
       17200   1.000019766658063e+00   1.000000000000000e+00
       17300   1.000011204679359e+00   1.000000000000000e+00
       17400   1.000012227477764e+00   1.000000000000000e+00
       17500   1.000013777780338e+00   1.000000000000000e+00
       17600   9.999143215406440e-01   1.000000000000000e+00
       17700   1.000066483610961e+00   1.000000000000000e+00
       17800   1.000063953706981e+00   1.000000000000000e+00
       17900   9.999870079092185e-01   1.000000000000000e+00
       18000   9.999401666881226e-01   1.000000000000000e+00
       18100   1.000016334588002e+00   1.000000000000000e+00
       18200   9.999577687005251e-01   1.000000000000000e+00
       18300   9.999940850401983e-01   1.000000000000000e+00
       18400   1.000006148819261e+00   1.000000000000000e+00
       18500   1.000034859274278e+00   1.000000000000000e+00
       18600   9.999965105603310e-01   1.000000000000000e+00
       18700   1.000044445377005e+00   1.000000000000000e+00
       18800   1.000026853645350e+00   1.000000000000000e+00
       18900   1.000005853201235e+00   1.000000000000000e+00
       19000   9.999871929310267e-01   1.000000000000000e+00
       19100   1.000008117260829e+00   1.000000000000000e+00
       19200   9.999779995731493e-01   1.000000000000000e+00
       19300   1.000019295302573e+00   1.000000000000000e+00
       19400   9.999845998889717e-01   1.000000000000000e+00
       19500   9.998933958475574e-01   1.000000000000000e+00
       19600   1.000008670989087e+00   1.000000000000000e+00
       19700   1.000010871000137e+00   1.000000000000000e+00
       19800   1.000086884155949e+00   1.000000000000000e+00
       19900   9.999623692181824e-01   1.000000000000000e+00
       20000   9.999260719422611e-01   1.000000000000000e+00
       20100   1.000082921069087e+00   1.000000000000000e+00
       20200   1.000024714490670e+00   1.000000000000000e+00
       20300   9.999836319002050e-01   1.000000000000000e+00
       20400   9.999789692288562e-01   1.000000000000000e+00
       20500   1.000042138400302e+00   1.000000000000000e+00
       20600   9.999736315818606e-01   1.000000000000000e+00
       20700   9.999166429750425e-01   1.000000000000000e+00
       20800   1.000039697413493e+00   1.000000000000000e+00
       20900   9.999336725518738e-01   1.000000000000000e+00
       21000   1.000014131937369e+00   1.000000000000000e+00
       21100   9.999987144830690e-01   1.000000000000000e+00
       21200   1.000147774771590e+00   1.000000000000000e+00
       21300   9.999147280181550e-01   1.000000000000000e+00
       21400   1.000049878679872e+00   1.000000000000000e+00
       21500   9.999764277524462e-01   1.000000000000000e+00
       21600   9.999051292028055e-01   1.000000000000000e+00
       21700   9.999953511714199e-01   1.000000000000000e+00
       21800   9.999576609210553e-01   1.000000000000000e+00
       21900   1.000039753152761e+00   1.000000000000000e+00
       22000   9.999831604644405e-01   1.000000000000000e+00
       22100   1.000068788370919e+00   1.000000000000000e+00
       22200   9.999583746205669e-01   1.000000000000000e+00
       22300   9.999939309643010e-01   1.000000000000000e+00
       22400   1.000118765258373e+00   1.000000000000000e+00
       22500   9.999270815072574e-01   1.000000000000000e+00
       22600   1.000026088951808e+00   1.000000000000000e+00
       22700   1.000075932490914e+00   1.000000000000000e+00
       22800   9.999118730475219e-01   1.000000000000000e+00
       22900   9.999848583716130e-01   1.000000000000000e+00
       23000   9.999991233798758e-01   1.000000000000000e+00
       23100   1.000080338482956e+00   1.000000000000000e+00
       23200   1.000027236097158e+00   1.000000000000000e+00
       23300   9.999436902105786e-01   1.000000000000000e+00
       23400   9.998990730848358e-01   1.000000000000000e+00
       23500   1.000002490672313e+00   1.000000000000000e+00
       23600   9.999310007095261e-01   1.000000000000000e+00
       23700   1.000098137306758e+00   1.000000000000000e+00
       23800   1.000011011251992e+00   1.000000000000000e+00
       23900   1.000149893600629e+00   1.000000000000000e+00
       24000   1.000053919920136e+00   1.000000000000000e+00
       24100   9.998620048108433e-01   1.000000000000000e+00
       24200   9.999535683554120e-01   1.000000000000000e+00
       24300   1.000092139789257e+00   1.000000000000000e+00
       24400   9.999170628815623e-01   1.000000000000000e+00
       24500   9.999535836993387e-01   1.000000000000000e+00
       24600   9.999964968701908e-01   1.000000000000000e+00
       24700   1.000109774993834e+00   1.000000000000000e+00
       24800   9.999467771405526e-01   1.000000000000000e+00
       24900   1.000073062798437e+00   1.000000000000000e+00
       25000   9.999548212102015e-01   1.000000000000000e+00
       25100   1.000028129601731e+00   1.000000000000000e+00
       25200   9.999202436855444e-01   1.000000000000000e+00
       25300   9.999569410427015e-01   1.000000000000000e+00
       25400   9.999633671763750e-01   1.000000000000000e+00
       25500   1.000076866600758e+00   1.000000000000000e+00
       25600   1.000018300008183e+00   1.000000000000000e+00
       25700   9.998659431001109e-01   1.000000000000000e+00
       25800   9.999670367189764e-01   1.000000000000000e+00
       25900   1.000096957968952e+00   1.000000000000000e+00
       26000   9.999890575025663e-01   1.000000000000000e+00
       26100   1.000038175242955e+00   1.000000000000000e+00
       26200   9.999750555952427e-01   1.000000000000000e+00
       26300   9.999252681270465e-01   1.000000000000000e+00
       26400   1.000066880419815e+00   1.000000000000000e+00
       26500   9.999647481681297e-01   1.000000000000000e+00
       26600   1.000061052450407e+00   1.000000000000000e+00
       26700   9.999514818184463e-01   1.000000000000000e+00
       26800   9.999710469908381e-01   1.000000000000000e+00
       26900   1.000011923743064e+00   1.000000000000000e+00
       27000   1.000040288230364e+00   1.000000000000000e+00
       27100   9.999446452040706e-01   1.000000000000000e+00
       27200   1.000143589125167e+00   1.000000000000000e+00
       27300   9.998839115018366e-01   1.000000000000000e+00
       27400   1.000004228084553e+00   1.000000000000000e+00
       27500   9.999918757066142e-01   1.000000000000000e+00
       27600   9.999976117091461e-01   1.000000000000000e+00
       27700   1.000001161073804e+00   1.000000000000000e+00
       27800   9.999490845801151e-01   1.000000000000000e+00
       27900   1.000030566463775e+00   1.000000000000000e+00
       28000   1.000088154149266e+00   1.000000000000000e+00
       28100   1.000054856954146e+00   1.000000000000000e+00
       28200   9.999371832553563e-01   1.000000000000000e+00
       28300   1.000056060388502e+00   1.000000000000000e+00
       28400   9.999875610825951e-01   1.000000000000000e+00
       28500   9.999226593392895e-01   1.000000000000000e+00
       28600   9.999253388512500e-01   1.000000000000000e+00
       28700   1.000089371752540e+00   1.000000000000000e+00
       28800   9.998755895683435e-01   1.000000000000000e+00
       28900   1.000055853767317e+00   1.000000000000000e+00
       29000   9.999711401946704e-01   1.000000000000000e+00
       29100   1.000031372709667e+00   1.000000000000000e+00
       29200   9.999837657963251e-01   1.000000000000000e+00
       29300   1.000079365659827e+00   1.000000000000000e+00
       29400   1.000030798081320e+00   1.000000000000000e+00
       29500   9.999842826319231e-01   1.000000000000000e+00
       29600   9.998779059853289e-01   1.000000000000000e+00
       29700   1.000006283692669e+00   1.000000000000000e+00
       29800   9.999271252397749e-01   1.000000000000000e+00
       29900   1.000022011895930e+00   1.000000000000000e+00
       30000   9.999740494833913e-01   1.000000000000000e+00
